[ 818 501 30 315 290 816 36 890 400 404 612 13 329 27 542 560 740 184 346 907 744 523 223 585 194 465 399 78 685 303 380 719 667 950 579 842 844 582 404 509 833 589 620 645 998 620 412 90 73 751 174 108 188 444 701 821 130 167 217 517 842 848 750 945 287 350 907 678 511 145 473 269 566 53 91 86 469 484 115 803 617 298 157 733 385 890 760 22 196 488 250 878 342 549 69 230 837 848 43 506]
[ 341 13 76 908 255 806 602 966 407 282 117 805 56 343 104 997 750 410 600 182 27 452 344 220 17 561 427 778 536 943 194 733 903 550 325 64 275 297 337 596 110 662 214 63 795 477 286 263 922 872 845 168 375 894 291 859 483 360 707 612 126 395 90 434 970 758 504 49 844 525 257 958 250 243 833 885 194 763 85 888 101 748 73 724 49 676 487 297 543 842 982 803 160 717 635 157 205 349 921 987]
[ 465 692 753 432 18 487 129 961 213 350 514 141 636 271 539 640 117 451 48 573 343 707 561 351 757 363 466 403 199 698 941 432 880 607 773 598 468 365 850 180 546 933 238 214 881 977 41 821 454 972 650 688 673 121 719 152 121 936 868 814 579 978 442 731 48 483 720 524 887 301 526 406 680 101 221 176 819 251 492 317 355 649 674 293 879 807 493 960 857 768 969 961 980 499 576 480 756 401 874 607]
[ 561 254 923 647 483 420 475 877 920 674 834 68 200 521 817 723 47 947 910 151 599 515 332 671 291 595 51 73 498 948 629 195 299 929 40 392 806 275 307 302 289 329 529 775 691 741 21 648 982 179 117 282 931 870 340 944 765 820 225 653 966 513 961 36 439 340 396 546 650 651 752 900 738 845 670 168 718 740 878 956 392 783 299 822 630 411 281 255 85 833 752 306 784 696 398 691 14 413 243 442]
[ 665 419 200 15 41 584 217 463 937 963 613 308 695 555 356 90 262 417 175 375 786 760 701 914 328 684 160 601 703 229 109 968 641 810 364 221 13 211 335 724 638 598 35 884 926 272 159 772 204 720 869 25 500 110 500 934 280 690 608 442 257 316 753 11 774 568 55 804 35 134 309 236 111 832 61 280 901 890 688 871 716 336 362 55 930 115 57 826 398 309 949 979 33 279 417 343 268 918 297 786]
[ 234 637 571 627 272 703 975 496 953 259 477 728 404 614 884 196 432 271 471 366 921 22 123 675 788 583 535 531 915 980 442 946 995 414 459 599 255 493 319 915 78 963 25 425 868 906 112 611 188 689 756 465 428 159 568 272 333 235 225 857 91 226 641 751 870 751 919 483 195 289 270 458 315 658 349 768 642 491 673 388 887 16 494 445 307 453 294 779 23 790 243 973 600 536 887 16 887 403 352 597]
[ 185 116 575 148 50 58 783 424 482 567 221 200 747 744 91 24 301 23 301 521 43 918 253 288 238 782 60 31 739 676 166 926 867 18 976 403 294 747 217 373 693 215 382 742 274 432 853 515 897 112 509 47 959 850 842 194 573 951 455 501 771 592 94 908 392 526 277 518 268 450 158 563 899 928 841 386 627 952 432 436 333 941 939 552 980 182 398 307 27 963 443 137 608 891 445 985 138 667 345 10]
[ 809 497 964 716 985 782 19 677 829 509 12 845 634 503 312 860 698 574 909 119 195 711 728 940 800 877 266 453 861 146 629 173 864 254 841 262 691 724 482 574 827 923 914 300 152 557 86 185 156 836 317 989 645 344 522 128 114 539 258 664 287 860 159 944 18 184 320 454 781 687 762 686 250 611 271 570 263 895 389 50 624 476 299 476 626 964 168 795 220 675 418 179 125 278 392 774 622 183 198 443]
[ 108 126 408 35 637 712 470 169 977 803 192 512 85 177 250 497 724 646 835 705 59 147 48 790 83 808 669 119 931 229 771 692 756 644 961 819 393 832 634 621 382 487 54 878 179 647 708 678 348 549 755 28 397 671 814 370 112 145 652 598 314 644 695 375 994 548 762 358 533 13 900 957 432 778 222 79 904 970 726 382 894 808 402 653 423 813 683 537 742 352 536 258 813 316 103 878 855 445 713 771]
[ 194 614 792 769 739 224 104 739 223 76 338 402 804 990 657 115 966 266 626 365 159 912 117 153 376 87 371 349 641 931 518 46 558 759 301 17 475 566 420 823 276 95 908 430 836 18 995 446 379 696 205 745 61 16 579 284 662 723 27 885 610 435 534 269 906 986 19 76 964 891 597 676 67 756 101 784 836 649 583 751 967 611 374 325 953 612 984 524 387 711 780 805 116 220 236 827 336 667 200 730]
[ 728 750 608 388 279 809 169 478 780 589 753 360 967 455 537 547 449 139 48 222 261 727 975 178 673 230 695 831 895 102 273 385 939 480 845 691 931 984 561 932 850 793 899 162 246 760 223 59 434 250 365 981 998 971 144 534 785 492 327 368 541 499 262 762 355 387 99 718 657 909 301 513 830 218 714 630 849 11 963 404 398 648 466 419 33 253 913 597 38 898 978 302 587 728 444 133 642 108 260 457]
[ 309 550 709 417 108 840 567 435 883 813 327 496 23 220 814 582 544 403 199 669 480 810 743 286 20 666 183 762 609 193 452 292 858 530 468 423 376 104 723 248 459 334 779 801 627 288 423 997 545 950 146 663 65 801 305 681 323 933 131 511 620 298 33 473 272 65 157 625 608 376 882 997 582 143 234 634 803 353 667 835 827 528 237 219 992 842 136 125 535 677 236 841 276 607 343 840 531 699 698 573]
[ 696 863 914 184 842 507 986 823 209 652 311 569 695 799 821 439 610 639 562 745 659 292 336 371 738 647 496 885 952 328 583 24 314 425 947 472 336 438 911 682 746 810 498 71 668 885 104 940 581 570 984 128 238 792 298 652 494 726 587 846 459 356 685 276 899 456 472 705 564 795 303 332 635 156 575 352 697 844 352 700 978 603 381 825 329 576 409 892 357 374 551 371 23 753 900 181 497 235 338 761]
[ 671 275 870 709 906 45 298 363 793 23 71 589 781 829 933 874 665 172 92 719 694 621 695 990 782 538 627 457 625 296 820 932 793 206 146 407 59 749 15 410 153 878 518 754 315 145 649 677 389 168 229 207 753 71 857 15 746 611 382 521 258 421 991 679 325 628 873 109 938 339 487 620 258 344 175 87 396 537 404 781 722 824 485 441 742 967 233 126 450 120 907 625 638 907 107 23 134 47 725 475]
[ 231 802 881 692 549 934 196 78 833 787 960 580 109 397 411 332 41 155 388 300 852 933 259 881 594 437 668 327 103 525 758 707 62 921 181 823 444 487 184 822 612 521 555 200 15 695 684 509 754 910 34 821 882 690 59 844 685 199 656 779 993 603 172 645 55 723 722 945 858 437 204 421 779 248 476 713 628 455 425 106 249 757 320 339 291 104 225 332 223 445 896 782 859 689 267 198 600 436 476 365]
[ 785 269 623 623 882 825 708 220 63 292 205 417 152 949 487 477 180 807 99 201 178 324 793 443 744 637 660 116 441 701 356 259 318 983 98 394 127 102 611 750 138 656 111 258 554 263 85 702 118 421 524 224 132 462 114 438 733 677 343 883 119 855 53 22 891 495 77 80 176 485 952 910 388 227 336 181 756 921 77 342 652 770 630 855 315 895 196 742 773 490 894 594 925 275 583 845 287 629 930 442]
[ 197 999 56 734 423 222 41 783 500 844 779 174 436 616 132 340 485 353 737 734 345 38 86 37 619 534 326 974 325 470 251 397 884 482 455 23 438 413 662 728 595 196 303 685 930 547 894 654 900 995 743 352 718 112 722 451 868 739 139 951 384 148 760 517 923 313 725 566 560 262 584 376 68 971 502 466 171 726 334 651 737 455 22 623 136 903 332 340 773 600 767 348 436 484 226 100 264 49 981 56]
[ 726 289 219 758 649 711 161 408 443 683 129 651 383 414 277 700 869 668 86 226 328 850 636 121 831 388 681 974 566 932 112 385 179 642 785 44 813 432 451 101 272 470 239 538 188 887 597 807 118 530 513 925 666 98 387 630 870 412 626 918 583 121 330 913 872 85 863 401 360 741 575 837 931 714 903 207 703 961 483 507 277 85 169 41 173 912 852 717 682 103 817 352 806 695 101 364 988 107 678 61]
[ 88 876 756 15 610 646 644 844 972 684 431 887 487 524 738 395 457 281 274 158 302 920 734 430 663 725 510 134 268 360 602 754 901 399 153 70 922 188 256 635 690 685 553 689 631 921 833 847 470 363 580 221 263 355 924 533 817 878 222 775 435 780 869 321 597 242 925 307 496 811 45 423 401 374 302 716 73 276 751 840 276 463 640 270 981 761 191 821 384 981 106 695 770 792 426 906 184 62 118 253]
[ 111 929 77 406 618 613 807 591 316 245 904 366 309 973 558 581 484 647 824 846 671 878 420 903 664 841 395 745 762 117 933 406 443 582 197 668 773 414 989 627 628 341 712 441 765 427 79 426 247 79 562 826 45 928 938 465 517 605 906 340 993 228 367 35 80 439 906 80 452 269 814 608 174 778 852 554 842 170 88 786 237 856 120 762 68 265 145 801 280 329 764 553 415 288 174 675 801 394 820 188]
[ 43 313 934 113 225 532 846 381 696 928 433 921 323 370 19 832 608 439 752 488 303 229 804 817 548 836 536 560 661 404 141 774 734 162 336 303 218 687 383 880 459 480 627 395 955 638 912 628 455 888 240 293 637 645 738 561 372 437 832 682 51 118 317 405 341 331 677 720 410 819 945 905 789 260 621 479 926 746 533 263 595 767 171 85 260 49 904 756 303 425 519 200 938 379 595 495 152 159 323 723]
[ 760 257 650 157 890 574 923 722 139 664 476 893 88 329 737 41 89 552 869 158 103 139 400 708 862 514 86 340 119 691 800 875 893 512 513 210 229 399 195 641 243 585 885 402 972 175 813 89 980 178 945 181 379 901 233 446 877 273 474 209 474 102 393 650 999 300 545 596 892 249 714 534 184 337 620 373 608 226 272 845 367 139 764 307 971 675 488 728 568 559 377 736 807 620 331 459 267 846 142 304]
[ 184 315 217 293 510 250 787 302 373 137 480 220 903 295 173 159 744 855 644 744 634 62 256 487 250 658 716 189 39 413 590 636 285 95 126 702 24 524 854 719 23 821 317 839 531 680 545 620 429 352 837 416 696 192 558 117 830 27 721 82 698 501 372 850 42 418 770 158 579 659 324 289 77 484 876 643 288 123 312 517 694 826 660 918 502 189 503 742 257 268 587 689 934 863 920 877 259 625 884 405]
[ 92 173 715 432 576 287 738 53 281 766 590 672 720 593 698 602 701 516 607 990 372 628 192 29 220 464 792 775 222 918 342 586 208 740 25 156 524 151 317 625 903 339 90 165 326 483 827 856 511 405 700 719 259 453 796 121 322 924 711 764 589 662 858 487 805 929 761 12 636 249 946 870 947 436 326 348 988 156 860 420 270 697 481 265 859 588 190 613 901 239 978 521 295 846 579 209 641 74 981 784]
[ 838 740 552 794 777 583 283 270 322 613 917 60 687 53 737 427 396 488 523 206 881 677 435 474 827 537 138 943 483 889 841 42 282 464 115 414 177 970 233 857 918 730 779 436 278 40 338 714 310 500 821 423 47 832 90 181 714 60 409 561 488 15 83 455 800 232 377 691 312 477 314 707 948 406 747 215 149 779 652 742 23 433 409 926 862 241 376 862 585 754 628 26 867 297 183 301 232 883 421 399]
[ 940 199 755 427 288 78 699 88 55 742 586 679 430 115 478 557 43 656 481 480 820 737 704 861 960 885 535 328 266 424 768 748 532 290 37 759 538 337 447 465 825 576 415 467 974 49 724 413 907 661 29 297 437 142 324 149 794 746 334 110 988 578 612 222 188 520 432 561 328 284 472 533 416 167 815 882 695 842 469 376 257 804 861 19 680 382 79 572 857 14 42 666 636 536 370 923 353 682 588 234]
[ 954 734 193 688 717 349 366 789 579 763 586 46 998 98 868 845 316 384 349 155 604 672 993 926 476 106 739 577 529 946 844 258 789 219 190 793 430 15 552 191 783 407 404 59 254 655 198 493 588 349 652 213 115 534 651 664 828 185 739 598 691 697 930 641 795 998 166 233 491 251 510 865 548 120 779 687 851 342 893 652 116 481 513 924 285 211 453 249 428 340 182 602 570 265 303 582 809 324 282 695]
[ 349 506 67 723 494 993 738 28 296 862 298 884 17 919 971 255 639 14 594 311 412 825 337 679 835 958 579 475 373 249 986 492 204 993 257 393 489 169 300 952 327 722 79 813 769 588 701 915 416 941 462 40 542 564 101 995 942 466 472 554 448 115 876 686 858 912 828 753 701 37 829 621 510 51 93 205 388 223 281 852 845 532 466 321 443 700 668 30 469 792 993 63 970 813 207 393 634 79 785 42]
[ 373 252 71 460 710 185 747 440 189 357 497 85 595 345 624 358 221 587 570 666 492 902 349 247 459 493 606 912 168 381 272 507 205 857 191 639 297 683 497 99 368 513 266 223 541 180 520 337 947 532 774 50 521 707 690 504 789 236 565 832 523 144 929 967 71 529 962 196 674 787 459 62 392 881 670 878 694 362 981 539 945 120 559 164 825 427 218 746 942 367 411 734 474 168 677 508 740 558 222 868]
[ 768 503 389 354 911 642 708 247 129 75 397 940 668 357 688 608 905 24 98 96 66 818 248 467 966 143 623 378 340 209 875 510 814 572 198 149 369 165 523 353 764 571 865 842 790 978 907 393 400 955 692 988 631 838 480 283 215 971 857 751 164 573 406 740 678 684 364 621 456 851 133 974 446 907 682 165 399 973 590 564 687 452 920 508 477 754 441 462 171 828 449 462 90 198 596 385 324 340 337 267]
[ 722 915 463 599 215 895 990 378 461 630 637 397 975 993 803 795 402 333 193 75 629 122 784 719 542 15 736 988 561 931 13 385 857 103 881 961 860 154 567 166 51 457 796 733 84 634 794 539 254 568 644 554 344 966 636 692 628 230 768 494 820 963 798 267 24 954 836 155 391 225 621 824 74 36 227 731 11 293 919 200 469 86 886 287 475 508 112 448 630 963 382 778 932 400 394 567 709 769 741 25]
[ 995 12 287 462 107 472 13 146 535 30 482 603 819 910 977 348 945 352 105 703 854 812 911 974 942 361 881 534 917 721 834 957 480 819 949 495 755 663 202 165 375 593 738 986 238 748 165 275 722 139 319 835 106 927 416 478 178 34 600 842 576 717 89 647 129 747 265 750 556 912 979 102 455 287 211 935 217 367 761 432 328 882 520 818 408 477 474 831 86 825 318 499 48 715 409 70 202 482 577 335]
[ 918 550 947 139 80 288 707 170 750 648 907 729 548 969 762 45 664 18 17 68 395 212 140 140 774 76 775 540 982 414 89 578 291 746 508 339 752 320 817 50 246 487 330 995 785 745 680 862 711 195 103 160 222 147 583 971 210 575 253 877 354 237 983 659 928 517 198 367 310 612 124 556 663 615 325 499 550 538 724 71 255 43 856 618 626 612 958 798 961 149 266 86 307 377 332 470 692 895 954 10]
[ 287 741 194 763 580 928 302 274 389 747 276 403 689 317 831 638 625 17 109 170 760 189 58 164 656 758 712 516 273 135 887 235 796 995 43 153 793 362 247 643 31 308 502 60 403 486 647 642 16 725 405 55 983 590 939 544 308 386 439 130 158 224 563 484 902 825 272 628 456 800 917 384 107 790 510 33 86 348 897 127 782 42 442 515 171 455 375 795 792 240 932 266 355 481 607 54 413 11 679 264]
[ 971 829 59 371 100 168 796 200 350 80 790 421 64 214 88 39 169 580 968 113 310 424 436 840 570 289 488 92 396 77 201 240 816 463 819 540 288 932 433 121 440 541 950 594 952 102 576 407 601 533 778 287 926 636 723 654 363 390 536 562 579 916 54 341 723 73 540 969 280 536 533 890 133 20 21 52 752 527 915 157 847 266 721 149 361 246 521 996 537 447 965 389 219 32 860 304 356 190 243 204]
[ 576 943 648 411 967 968 393 628 833 995 429 309 242 92 35 996 867 880 558 331 162 109 368 515 209 630 22 824 797 67 854 85 909 131 687 989 942 81 381 501 512 395 176 56 817 453 104 143 328 131 85 981 375 721 128 605 546 781 507 330 328 477 303 315 636 483 508 471 630 650 898 682 216 559 619 582 172 24 117 582 275 631 651 170 442 224 987 660 14 518 63 89 757 117 727 98 638 346 251 841]
[ 783 944 159 761 578 319 934 225 721 176 100 473 234 922 372 581 601 376 572 638 736 700 182 362 896 616 133 22 160 911 355 365 653 686 875 857 705 160 307 136 174 824 528 716 118 932 780 513 138 452 686 21 305 415 431 734 808 392 681 518 906 761 733 419 680 19 364 197 300 544 489 497 968 659 998 57 234 124 240 991 270 877 143 355 42 984 252 367 101 282 40 769 701 636 402 413 748 900 66 685]
[ 559 319 429 499 135 442 228 201 997 938 122 13 255 462 715 578 255 207 796 297 488 981 957 916 775 819 645 284 431 401 939 752 608 97 479 366 894 403 77 587 866 355 900 542 522 608 793 708 352 922 759 669 399 189 132 361 221 586 688 582 544 895 648 961 844 364 259 213 123 881 981 624 130 230 533 123 197 542 404 278 964 691 739 27 193 776 459 749 712 203 699 22 554 657 788 272 205 804 771 945]
[ 337 835 230 116 741 990 184 572 256 705 254 760 470 161 441 54 18 811 987 117 769 36 850 932 67 563 454 286 374 693 934 593 704 595 666 570 93 218 551 281 502 539 54 980 437 886 647 840 162 976 531 807 488 815 563 486 524 115 432 168 129 884 955 237 682 300 29 375 266 178 362 456 955 461 190 277 528 15 556 461 973 356 11 820 162 807 573 713 83 252 692 345 991 549 922 605 729 996 867 366]
[ 544 409 356 895 260 624 690 584 325 583 137 896 121 516 428 749 676 108 802 544 808 436 353 625 840 54 875 336 187 212 259 459 816 251 324 809 871 292 954 419 136 673 220 240 920 126 131 63 941 620 858 292 104 370 74 767 609 376 849 554 138 926 302 164 729 102 30 38 941 136 736 75 414 536 253 180 356 649 804 862 463 899 906 36 613 111 380 626 339 539 823 429 86 726 619 461 828 726 724 197]
[ 350 603 530 301 722 54 344 927 279 210 495 580 374 349 795 557 406 874 837 158 577 290 45 234 19 495 920 436 821 112 57 466 936 624 414 904 703 538 974 948 57 682 77 288 439 43 155 362 223 877 505 204 468 808 203 329 421 445 623 822 827 56 235 817 871 902 74 156 989 402 458 974 126 988 129 954 903 453 322 182 934 773 603 950 801 753 679 322 958 999 428 538 544 394 880 885 871 232 682 455]
[ 753 914 758 123 872 865 373 56 688 921 889 412 617 746 970 365 769 831 390 699 84 131 946 118 201 600 771 744 570 341 985 363 557 105 562 69 713 112 809 882 236 417 862 870 254 84 682 434 275 937 443 453 823 131 888 507 824 492 917 490 32 799 825 599 664 491 476 147 209 11 452 631 910 625 761 436 561 897 803 284 524 863 910 360 478 908 857 643 350 393 880 515 695 883 441 559 866 811 427 496]
[ 831 829 921 300 907 18 251 770 486 428 786 866 629 107 163 294 137 932 134 107 134 814 972 225 389 178 850 890 536 572 672 480 425 871 938 288 12 564 259 432 692 987 376 500 249 471 835 170 911 166 66 952 375 975 677 21 249 435 244 352 987 714 555 236 786 359 406 777 868 63 219 594 221 556 321 788 212 427 725 896 756 946 468 331 398 613 768 904 552 609 549 894 544 29 666 431 440 708 328 286]
[ 278 493 609 756 500 814 248 803 255 581 400 430 773 345 811 547 918 443 276 438 952 462 96 501 216 778 394 798 492 302 260 400 172 788 222 909 155 998 716 675 902 323 297 135 848 474 587 972 270 355 487 391 878 739 424 195 304 763 648 263 676 541 117 957 711 94 506 219 337 54 45 364 66 22 895 707 172 783 689 260 541 408 861 431 604 203 791 573 709 314 580 398 148 254 667 400 370 500 862 820]
[ 850 872 77 512 725 362 666 674 406 563 408 234 146 182 963 340 97 347 654 240 842 323 486 561 720 180 696 58 530 238 46 353 671 240 973 670 58 263 71 901 428 871 588 83 858 116 256 949 125 428 952 211 682 512 469 705 420 983 374 140 417 626 200 912 741 75 380 375 948 484 588 572 674 244 417 128 690 15 962 318 527 964 711 294 865 435 545 62 382 629 73 838 525 316 739 233 44 40 254 200]
[ 374 464 45 973 250 99 984 852 37 544 825 149 573 528 331 660 110 325 860 516 256 928 485 282 719 494 234 445 731 329 632 87 971 627 846 548 654 973 666 435 814 293 653 873 635 607 823 160 33 516 379 86 38 603 337 384 309 375 619 64 961 106 653 637 284 914 810 130 697 723 470 990 219 599 573 264 989 196 798 392 945 506 839 28 514 459 168 833 909 481 758 782 728 157 989 499 190 421 664 429]
[ 794 793 404 842 73 582 364 323 351 830 698 993 880 555 56 474 612 830 144 567 573 746 96 460 404 231 62 259 770 179 920 805 653 188 460 61 711 322 174 58 851 167 238 680 655 561 212 557 308 848 945 266 435 484 765 130 751 579 975 274 887 328 893 179 773 67 347 152 306 219 589 509 269 168 285 795 682 267 336 351 635 457 503 247 830 507 149 374 595 739 941 45 616 419 615 617 503 430 856 770]
[ 558 753 896 599 201 644 957 147 451 915 602 376 922 314 716 585 802 575 539 415 939 579 534 834 898 443 712 793 521 882 825 493 194 397 649 309 119 102 770 869 819 893 722 715 683 848 714 970 379 567 938 47 588 134 195 726 280 68 421 220 284 995 686 143 754 691 236 390 810 947 523 633 506 167 847 890 881 813 908 13 896 163 390 734 790 332 915 854 963 534 714 892 878 607 394 95 193 733 971 903]
[ 450 785 505 820 716 885 726 135 156 327 497 257 912 267 299 26 992 738 684 488 261 840 796 893 678 116 406 919 764 35 252 847 852 997 862 57 578 315 379 194 148 829 423 339 519 552 252 980 243 337 668 133 651 529 705 268 548 902 210 174 544 671 667 177 802 569 247 352 169 570 406 20 213 437 978 976 632 553 568 654 417 711 218 32 906 915 251 617 285 998 467 266 42 398 520 931 146 93 774 168]
[ 59 752 466 127 647 64 99 92 373 420 512 138 807 375 15 719 63 261 311 742 627 578 958 583 359 108 693 453 701 137 573 114 130 331 536 415 455 583 379 764 924 870 453 191 693 184 593 773 686 841 44 868 470 531 337 684 600 835 624 550 863 67 182 302 85 813 755 331 663 256 319 216 932 53 910 789 797 133 884 377 422 456 836 713 456 356 211 646 893 885 741 429 502 556 97 431 774 400 72 617]
[ 584 246 57 905 780 463 961 537 639 293 639 700 265 390 215 813 163 420 738 581 501 122 340 632 768 792 472 272 329 207 418 65 807 678 631 108 161 707 874 589 520 51 697 558 332 592 818 851 481 174 730 464 162 203 132 824 890 180 103 860 985 322 977 412 344 445 98 203 584 707 135 711 788 312 807 782 268 995 21 251 406 150 981 344 885 512 249 292 985 77 920 173 16 279 733 670 888 20 813 23]
[ 386 622 498 433 986 840 825 741 616 175 163 531 378 687 797 61 478 720 727 187 273 916 95 402 93 60 835 401 85 900 892 391 208 571 677 483 34 556 469 941 901 128 418 623 48 498 322 928 356 426 29 377 516 357 315 798 362 973 582 950 229 912 796 190 589 403 388 584 870 487 260 779 474 869 560 664 216 866 833 784 195 493 402 232 510 877 348 723 40 527 949 365 816 214 223 516 522 643 614 100]
[ 53 986 31 402 806 372 430 544 187 562 335 320 311 64 176 722 533 772 221 954 731 222 727 532 596 611 439 146 600 933 549 618 267 394 219 672 51 939 793 413 681 188 172 995 755 19 429 766 836 144 731 728 280 437 825 475 510 860 82 855 990 448 637 56 457 57 118 898 546 732 515 468 370 769 824 753 435 941 181 828 980 189 758 174 192 501 187 887 862 383 146 313 416 534 533 612 931 696 298 633]
[ 261 241 40 331 173 697 797 932 497 788 213 570 733 452 576 472 834 905 245 557 977 939 487 159 487 417 984 513 561 754 611 403 171 60 37 492 556 992 125 895 958 910 350 977 222 667 400 280 695 997 816 72 224 254 938 858 929 103 414 585 427 771 786 581 300 321 398 762 865 780 258 669 433 726 628 733 675 164 971 977 850 804 769 594 321 852 872 274 147 885 981 184 566 224 935 968 423 743 725 383]
[ 768 503 419 599 805 910 487 834 645 484 167 70 418 704 22 988 502 546 418 786 771 177 433 202 180 591 708 91 140 782 585 515 162 490 68 328 921 791 444 492 148 194 767 924 582 678 777 711 697 703 712 717 910 582 565 410 52 671 757 582 410 152 671 441 204 333 406 324 763 102 618 68 483 68 362 954 215 775 976 673 937 317 458 655 508 819 480 890 129 928 39 572 523 476 155 915 822 759 888 137]
[ 406 301 935 67 876 458 756 518 437 565 54 562 71 936 31 17 325 97 710 182 467 862 586 515 680 164 479 237 544 353 522 228 734 332 369 216 517 87 299 147 609 397 92 241 788 964 899 982 374 767 449 297 740 852 213 554 802 711 810 615 528 521 923 711 918 658 236 957 974 553 164 268 73 256 64 607 881 424 135 95 106 467 118 515 330 986 792 248 998 695 516 962 608 364 865 96 821 375 181 856]
[ 145 538 88 165 40 834 110 14 164 807 14 504 414 582 206 242 528 15 907 741 615 189 625 536 133 773 717 59 563 987 19 167 252 873 539 403 534 589 917 428 701 373 840 584 461 208 877 349 13 995 708 361 752 12 35 313 348 425 168 113 859 312 194 763 831 716 84 345 662 992 440 853 942 174 560 30 878 313 435 884 940 403 644 392 600 698 408 956 653 791 70 495 313 954 366 493 222 208 368 919]
[ 864 618 169 279 200 146 522 138 10 922 898 51 206 602 529 720 196 254 672 875 763 270 559 686 217 211 580 538 283 789 567 682 749 973 50 180 378 630 61 397 687 967 341 259 409 12 397 487 401 565 993 608 919 325 534 396 958 468 981 296 774 516 431 909 927 602 763 306 650 61 959 741 127 83 69 772 459 506 108 111 353 505 509 742 661 530 896 156 397 847 516 291 945 672 319 592 993 515 783 934]
[ 631 81 136 689 697 287 360 612 732 35 145 998 79 248 982 409 216 470 667 27 477 820 126 333 286 475 322 494 318 73 619 612 695 94 156 210 603 897 914 321 731 498 769 862 591 433 446 425 234 656 34 265 173 909 790 572 532 904 556 266 361 256 831 557 90 211 30 639 294 857 573 326 620 632 993 994 400 241 877 75 193 403 407 123 804 126 100 355 915 158 524 48 863 919 693 571 490 994 266 373]
[ 902 236 578 943 796 198 237 246 624 212 142 501 695 841 353 394 881 380 912 575 998 640 628 317 725 689 538 840 632 884 106 140 348 630 336 944 787 678 429 556 772 33 721 959 864 935 971 898 541 903 119 286 692 221 406 646 892 586 596 976 548 120 498 656 494 575 107 938 726 423 678 167 351 279 536 894 226 37 845 556 457 817 410 536 955 602 676 283 440 142 525 589 241 962 35 562 299 743 160 181]
[ 583 764 895 388 826 678 562 202 243 953 621 705 434 854 924 297 90 732 818 19 807 820 801 879 41 565 594 16 996 10 501 557 192 460 573 637 169 573 669 797 449 353 924 101 13 516 810 627 402 577 584 333 252 563 846 604 942 326 406 392 438 696 454 631 395 482 376 279 34 470 969 386 150 472 203 705 548 543 909 307 167 666 978 428 21 181 956 27 691 564 771 142 266 135 192 639 424 726 474 645]
[ 536 992 302 439 492 36 352 400 754 626 95 899 541 884 172 867 944 469 813 205 738 788 811 27 857 714 927 111 165 515 90 180 572 188 232 824 989 946 604 451 289 229 838 533 716 593 574 568 256 486 195 760 26 343 525 556 388 705 120 900 456 134 131 852 183 119 417 309 195 520 968 85 946 820 121 852 898 164 819 171 427 416 822 338 55 888 374 74 72 596 418 660 317 428 319 958 718 475 712 779]
[ 134 877 858 476 443 107 469 910 83 685 519 759 396 436 898 58 721 525 671 117 78 696 916 47 756 836 182 589 139 737 765 250 606 108 364 20 851 354 990 73 43 124 805 235 594 613 883 199 518 665 282 510 215 399 365 369 353 265 277 219 962 425 204 150 262 995 59 960 113 996 792 744 762 538 998 888 88 759 592 433 381 381 853 558 802 584 146 503 768 931 567 655 862 549 82 164 564 537 274 13]
[ 386 961 838 883 306 52 196 167 559 142 967 235 794 129 259 75 995 167 964 106 291 807 586 90 874 807 963 28 325 761 321 630 255 539 358 404 382 42 327 962 236 110 954 94 976 682 886 158 449 131 492 107 266 500 943 815 611 543 869 194 448 156 727 731 605 98 406 746 97 863 846 527 226 227 32 861 616 748 807 858 38 519 777 190 354 725 257 180 969 984 961 709 215 457 79 893 315 516 585 287]
[ 177 494 634 711 566 322 408 788 124 665 757 149 547 771 757 893 347 751 962 711 203 566 384 751 445 584 809 301 58 664 742 965 511 324 485 780 771 781 224 589 91 64 758 684 428 904 719 692 506 692 60 899 256 838 638 552 939 772 107 671 77 958 205 435 439 224 682 454 606 230 852 34 818 192 265 660 442 921 378 500 934 437 600 224 499 285 685 601 59 592 650 886 729 390 562 577 105 751 550 191]
[ 190 197 72 202 861 809 414 953 41 666 193 770 259 231 205 672 574 360 402 448 85 243 897 429 169 240 474 579 565 558 445 208 528 812 741 47 420 969 712 904 633 451 45 651 290 467 921 105 717 381 904 757 229 680 294 633 151 68 563 984 229 761 361 112 405 322 564 991 157 76 182 708 771 775 589 855 482 164 249 754 891 693 543 388 801 870 49 884 840 183 907 650 742 547 183 438 47 499 137 279]
[ 108 695 94 160 428 630 960 642 927 606 550 844 379 644 851 888 155 416 605 739 790 367 699 335 294 719 702 822 741 207 614 97 964 509 250 826 549 238 327 706 725 926 428 358 142 452 417 861 429 114 837 978 972 310 24 737 718 859 758 493 341 822 432 297 888 906 229 626 591 395 197 969 508 423 699 818 101 877 913 727 514 943 260 666 94 862 40 653 430 101 280 554 966 786 674 150 442 160 912 348]
[ 668 505 628 898 942 570 284 583 541 422 637 719 383 182 802 462 333 265 307 885 785 388 37 439 98 34 178 740 275 237 867 793 484 754 973 481 33 462 738 24 857 865 20 747 788 431 499 560 373 501 474 723 813 90 773 537 224 102 672 545 980 424 751 375 294 392 268 572 679 701 891 33 219 583 181 449 428 317 202 334 270 312 512 768 649 35 226 573 97 830 864 958 875 782 573 764 41 940 177 702]
[ 187 890 350 101 921 592 786 498 987 852 246 326 125 703 535 332 63 843 631 575 562 666 951 647 691 949 33 705 128 774 59 423 716 23 14 823 794 742 855 340 124 236 614 974 906 888 943 769 525 817 625 792 140 306 844 252 632 857 835 279 963 748 715 904 322 602 957 43 174 900 246 361 259 740 570 946 855 973 586 608 21 399 620 809 216 424 295 75 804 531 580 847 369 816 671 145 960 381 761 938]
[ 312 626 540 282 153 647 608 900 557 817 205 373 96 816 897 798 975 757 242 377 723 861 125 182 64 748 927 144 843 326 441 677 900 42 648 789 308 491 885 902 275 700 113 224 92 591 880 966 614 613 548 622 420 834 546 920 519 969 480 324 991 590 920 725 313 418 734 614 688 845 591 930 943 130 974 132 90 705 249 954 928 326 919 144 639 307 86 937 494 159 294 565 303 633 404 484 719 578 676 200]
[ 535 578 345 548 620 39 36 591 127 688 234 433 546 194 381 702 245 258 129 592 428 488 25 589 247 810 311 908 661 556 877 235 43 511 166 86 754 959 133 943 575 795 619 607 287 533 169 588 262 220 865 621 408 334 834 622 863 588 12 757 412 878 206 441 360 801 480 610 156 414 102 782 813 634 682 385 893 234 786 522 992 542 216 262 779 143 546 802 435 25 912 54 365 183 449 725 478 377 886 39]
[ 973 948 352 783 634 331 205 22 425 187 510 479 378 843 288 483 726 558 639 58 137 22 174 137 505 539 746 43 207 575 948 133 798 140 509 838 324 341 460 584 477 432 543 209 696 124 661 709 272 213 425 303 875 327 464 24 39 218 329 983 599 164 945 718 919 772 750 607 321 583 905 206 556 839 906 782 883 586 177 851 452 238 116 959 919 654 658 670 292 300 171 569 964 471 284 821 721 392 377 153]
[ 143 245 21 422 490 226 26 917 139 246 416 800 371 335 161 980 417 340 595 966 45 517 633 854 675 345 413 505 491 438 444 788 852 658 366 383 314 404 497 664 428 158 858 258 358 948 175 540 147 934 418 257 661 26 609 962 704 419 864 321 878 120 470 93 244 319 745 172 851 755 325 869 656 407 470 998 14 974 84 79 405 378 738 914 683 73 987 825 280 570 772 251 666 351 195 188 699 709 911 682]
[ 190 687 37 82 848 828 476 153 784 787 259 34 305 39 137 595 36 318 100 424 969 746 852 631 883 341 576 699 246 907 914 746 763 940 235 930 958 397 507 581 454 385 304 893 155 936 215 396 622 613 831 795 350 334 354 997 308 688 319 14 242 214 692 312 434 506 767 242 767 347 472 573 77 94 789 750 490 744 284 716 674 396 376 976 435 691 39 692 875 734 740 827 833 258 858 691 520 514 814 339]
[ 962 610 759 850 67 544 881 532 420 808 765 938 954 956 397 262 331 285 307 372 322 995 252 425 936 682 545 543 998 152 12 529 731 397 246 396 205 263 492 767 962 637 402 77 551 787 22 157 101 328 12 924 271 866 926 303 271 417 615 995 178 564 491 813 905 406 548 272 689 54 295 502 150 39 801 462 365 315 912 957 523 219 728 706 362 27 326 527 560 90 773 602 148 560 251 278 259 845 960 827]
[ 160 45 934 801 851 233 418 311 145 724 548 797 217 160 400 289 122 646 562 942 662 694 424 992 675 530 912 780 311 307 824 155 135 562 873 518 657 712 818 807 462 668 714 801 719 278 787 974 123 219 243 805 387 627 986 762 838 530 260 345 717 952 493 605 865 411 777 211 631 635 29 301 177 932 658 49 631 782 510 319 983 460 883 691 12 480 65 291 420 224 370 969 781 466 238 94 22 570 602 878]
[ 290 895 718 843 859 860 514 189 473 236 112 649 93 888 157 858 357 846 544 908 903 549 520 608 89 452 313 782 656 350 13 780 716 60 517 616 757 926 247 464 183 981 243 501 19 938 605 890 170 744 838 143 472 291 336 537 298 977 156 580 972 155 853 320 679 79 554 727 244 460 596 612 798 406 594 654 188 818 37 939 789 949 863 147 725 916 985 79 297 675 132 29 705 253 856 452 863 116 667 250]
[ 611 512 97 305 921 64 41 622 650 804 356 902 576 415 848 305 835 177 973 962 70 836 34 718 27 32 476 469 324 347 153 666 463 688 645 736 782 428 339 398 796 868 62 967 811 375 226 49 260 906 270 822 96 565 130 686 774 386 985 570 449 436 258 564 897 144 42 949 464 827 907 805 656 313 224 522 756 147 839 122 187 470 834 493 336 722 357 541 607 442 434 448 937 41 332 312 372 53 398 868]
[ 772 668 929 587 709 521 669 588 199 805 535 385 659 949 423 49 910 279 266 231 587 800 280 701 948 317 839 357 351 355 548 80 266 683 690 395 328 583 923 655 701 585 373 230 989 563 199 121 965 91 685 607 923 697 185 229 144 562 852 992 615 736 760 919 461 119 676 766 658 397 86 459 652 297 842 874 404 504 893 871 29 676 212 578 443 902 103 43 963 577 214 295 604 43 379 975 271 873 943 262]
[ 388 797 852 277 695 890 598 174 995 709 479 108 326 449 914 53 462 544 443 477 94 747 548 659 733 948 807 407 400 466 997 258 935 74 608 835 14 932 638 999 793 356 813 140 687 870 558 245 696 648 29 657 777 924 38 449 426 343 852 447 938 857 734 805 328 797 717 171 598 666 122 627 245 568 513 515 342 152 400 66 180 216 833 671 65 583 710 365 877 38 567 91 580 136 542 347 872 918 99 768]
[ 393 475 596 654 194 171 778 875 228 798 865 392 894 213 399 459 846 149 997 678 355 41 825 802 556 694 424 587 582 962 494 792 966 155 68 882 593 371 433 594 721 766 120 638 577 303 975 822 231 45 978 505 204 844 306 92 653 640 105 560 337 226 345 549 94 129 236 650 225 901 306 405 73 647 755 835 532 98 154 719 522 712 224 41 408 947 468 453 749 695 338 184 386 746 986 162 253 103 832 582]
[ 720 361 636 419 134 780 312 768 212 707 625 678 899 341 627 856 86 641 248 34 793 308 413 764 481 293 431 219 846 647 344 102 499 73 281 924 914 346 256 854 678 694 845 913 594 517 219 642 53 820 106 637 129 115 472 521 635 435 283 142 780 655 898 101 118 75 609 964 52 458 948 479 195 829 837 764 813 460 705 481 804 724 545 836 36 157 185 118 188 91 49 925 827 279 920 994 942 799 329 91]
[ 318 495 204 244 466 910 23 797 722 571 36 618 182 223 905 281 74 879 73 277 56 177 183 862 891 140 441 770 141 257 751 473 281 34 64 506 442 393 257 287 275 903 476 249 512 27 702 797 999 888 381 846 502 271 699 759 15 96 351 511 208 463 966 897 681 557 293 625 994 810 908 705 106 822 739 450 201 711 873 842 289 243 410 279 342 254 760 370 622 402 27 406 759 860 907 605 330 687 878 466]
[ 305 319 144 449 333 135 432 56 939 651 43 446 205 922 365 357 564 880 186 162 38 55 184 458 76 998 863 598 399 681 181 442 736 523 913 528 172 594 846 602 913 93 186 82 325 538 478 398 851 219 346 240 895 520 956 189 926 281 133 112 194 859 905 27 657 486 364 685 648 778 431 65 303 581 796 516 826 838 79 872 556 521 248 249 911 666 433 486 187 646 490 661 736 788 613 352 125 620 417 339]
[ 569 245 102 612 104 21 844 364 562 959 478 678 68 844 510 572 759 675 702 474 173 586 50 486 418 702 357 738 466 913 356 84 566 27 36 801 326 516 942 753 518 308 666 847 124 308 763 188 199 728 688 82 778 389 71 949 854 906 54 99 43 520 107 256 973 729 563 987 678 370 423 167 880 467 588 514 103 779 382 156 50 714 861 438 74 914 171 148 425 654 868 968 774 591 762 461 257 513 303 917]
[ 604 833 961 560 710 459 599 126 420 358 943 185 738 686 674 216 478 529 948 467 28 354 89 20 950 349 551 156 162 605 373 213 809 781 938 93 546 174 179 267 932 981 352 666 118 743 928 339 192 218 562 577 453 267 337 795 962 757 939 553 303 594 278 761 387 396 137 884 478 120 358 202 852 272 370 139 194 669 867 663 518 316 77 356 500 757 766 824 483 250 226 850 481 633 90 510 975 293 908 227]
[ 148 15 251 949 636 680 657 410 616 585 985 262 629 871 426 404 375 626 846 412 644 451 478 368 348 580 58 832 380 956 646 988 778 651 59 941 25 288 282 362 474 368 171 778 276 760 395 180 678 961 344 625 420 942 532 721 86 101 537 383 745 571 954 700 794 231 777 977 233 718 209 989 540 83 332 903 264 620 878 848 944 709 835 572 10 878 188 245 585 853 561 301 59 108 189 43 806 911 657 151]
[ 713 473 364 920 742 953 806 275 571 184 464 814 78 156 435 158 203 159 162 943 691 524 694 92 175 671 718 923 797 518 651 313 851 405 56 947 862 830 80 622 376 827 449 903 736 502 158 296 216 879 548 545 494 47 153 904 366 352 138 943 140 991 82 503 212 187 918 466 600 283 333 887 894 915 987 849 139 222 124 124 836 839 16 655 288 289 801 635 51 192 197 855 913 424 683 893 341 955 318 543]
[ 116 625 881 485 16 327 929 290 70 616 659 769 870 983 410 412 29 420 844 621 133 557 849 493 755 648 694 488 555 154 150 450 724 75 396 915 48 373 874 559 353 20 603 962 501 542 640 686 803 239 359 198 230 661 134 330 134 979 675 359 448 265 771 856 308 266 689 36 728 195 401 294 219 167 451 395 912 961 893 533 455 385 79 244 667 772 588 58 935 375 761 845 546 40 205 76 393 223 651 946]
[ 785 637 897 773 576 35 778 83 519 902 114 409 132 789 332 961 564 660 873 413 830 231 927 710 954 17 672 144 605 666 90 855 820 264 576 282 902 49 122 761 745 409 628 221 62 762 778 309 670 718 663 24 958 122 426 367 337 233 583 810 815 922 453 883 650 224 446 418 808 123 31 655 278 327 494 579 74 284 460 715 523 300 475 273 481 322 610 545 410 949 13 958 587 640 176 42 776 56 105 613]
[ 184 122 879 800 457 768 735 467 264 188 71 842 544 732 85 34 679 260 805 646 286 305 720 56 172 647 813 795 478 783 93 439 45 497 54 229 128 190 261 484 68 536 171 344 442 784 403 802 678 753 146 853 79 946 454 669 372 70 252 17 18 726 245 841 189 10 958 884 60 453 764 922 829 88 426 378 972 566 982 487 344 22 560 589 95 892 626 119 606 743 655 40 689 764 33 251 714 950 784 214]
[ 368 787 463 85 861 116 151 292 222 274 169 199 739 604 485 911 607 906 532 253 191 547 156 335 32 549 646 549 164 347 796 638 189 932 607 286 907 572 457 149 576 817 806 495 271 342 35 873 740 672 988 587 795 751 439 194 968 16 562 568 489 755 151 541 270 498 426 245 323 999 389 34 495 289 355 677 674 16 838 206 333 955 449 867 622 132 850 834 233 341 753 28 714 112 922 365 266 372 686 706]
[ 701 351 11 430 954 242 224 267 568 803 310 335 130 332 548 468 62 111 691 900 624 106 830 147 795 768 225 127 348 156 442 804 587 363 253 383 438 476 522 951 829 141 411 396 566 467 359 464 875 37 491 85 403 24 453 210 327 948 691 152 879 806 212 935 623 672 586 680 854 461 946 173 908 604 112 530 494 620 856 769 959 516 788 124 344 299 795 909 892 48 714 756 878 341 146 907 191 99 409 284]
[ 206 564 942 88 607 554 798 575 825 704 692 347 910 465 867 433 22 394 774 884 294 625 48 990 462 101 635 645 491 761 821 335 926 993 660 435 947 557 305 642 183 679 379 990 799 599 557 18 271 940 662 25 538 640 857 895 504 699 904 147 336 902 414 612 645 566 605 998 384 893 495 522 254 401 156 713 417 866 800 596 19 755 278 727 756 40 135 23 146 15 633 799 550 673 162 824 172 689 869 295]
[ 595 581 114 538 349 360 740 21 264 355 736 126 487 527 771 468 121 139 552 81 15 882 736 186 92 183 336 68 868 662 50 492 716 946 162 835 885 480 706 370 823 432 496 213 406 611 23 160 165 146 791 676 343 427 262 744 186 609 798 336 393 980 516 191 328 418 525 349 25 421 133 252 607 484 511 578 165 181 338 48 445 129 949 756 631 372 161 843 774 726 629 70 838 315 451 811 608 997 394 926]
[ 48 311 92 493 818 621 593 665 157 959 845 502 149 926 681 480 347 980 396 467 433 282 938 681 370 493 177 421 766 200 617 653 724 795 258 657 861 379 861 567 534 429 606 73 189 427 737 271 182 916 577 230 465 962 85 941 232 620 14 977 770 827 161 627 647 559 508 887 838 207 674 209 686 125 94 785 519 17 819 309 967 156 642 149 601 521 995 962 404 770 138 51 720 65 647 359 224 489 233 604]
[ 279 935 796 25 756 221 122 622 343 506 204 351 393 96 324 649 456 764 966 376 724 956 295 685 402 163 423 78 324 345 249 463 68 290 985 57 74 314 909 364 263 85 646 20 451 171 62 360 692 760 329 982 167 176 319 35 818 433 78 968 842 503 651 366 611 656 14 786 208 344 572 399 979 564 184 780 386 205 480 300 71 341 312 17 399 234 710 468 354 544 281 440 634 764 265 545 432 426 250 588]
[ 13 379 326 790 183 25 473 276 391 630 146 905 101 332 564 750 366 726 841 250 262 148 956 973 935 460 561 870 115 339 983 57 597 761 958 816 641 269 91 647 113 934 619 673 46 574 126 253 294 980 802 941 402 525 303 519 655 577 478 872 336 959 468 401 539 296 845 599 630 872 205 856 765 729 673 535 722 424 644 623 299 102 855 332 563 191 693 631 103 51 445 938 97 473 598 176 610 367 552 797]
[ 925 329 725 253 478 815 361 732 219 431 363 371 488 587 779 293 928 616 558 144 545 617 106 451 532 850 265 158 533 156 607 642 464 438 126 194 975 342 609 443 216 917 447 119 607 957 785 570 19 169 299 18 896 101 281 309 403 479 291 13 106 555 125 162 634 733 612 271 943 101 571 39 634 769 308 966 800 446 919 554 687 758 677 461 375 962 13 180 138 695 983 735 269 390 110 564 41 322 113 319]
[ 543 938 608 109 947 56 301 729 332 856 473 73 712 728 616 726 643 565 638 142 917 764 766 668 221 125 642 876 651 260 311 786 335 143 58 966 906 71 971 450 957 655 226 41 168 216 543 873 631 887 165 625 430 637 722 442 440 666 16 273 669 267 709 970 844 230 630 700 184 497 935 480 962 882 734 733 513 325 568 72 780 309 52 798 116 268 900 929 734 928 605 627 565 942 425 762 296 817 41 832]






Sorted
[ 13 379 326 790 183 25 473 276 391 630 146 905 101 332 564 750 366 726 841 250 262 148 956 973 935 460 561 870 115 339 983 57 597 761 958 816 641 269 91 647 113 934 619 673 46 574 126 253 294 980 802 941 402 525 303 519 655 577 478 872 336 959 468 401 539 296 845 599 630 872 205 856 765 729 673 535 722 424 644 623 299 102 855 332 563 191 693 631 103 51 445 938 97 473 598 176 610 367 552 797]
[ 43 313 934 113 225 532 846 381 696 928 433 921 323 370 19 832 608 439 752 488 303 229 804 817 548 836 536 560 661 404 141 774 734 162 336 303 218 687 383 880 459 480 627 395 955 638 912 628 455 888 240 293 637 645 738 561 372 437 832 682 51 118 317 405 341 331 677 720 410 819 945 905 789 260 621 479 926 746 533 263 595 767 171 85 260 49 904 756 303 425 519 200 938 379 595 495 152 159 323 723]
[ 48 311 92 493 818 621 593 665 157 959 845 502 149 926 681 480 347 980 396 467 433 282 938 681 370 493 177 421 766 200 617 653 724 795 258 657 861 379 861 567 534 429 606 73 189 427 737 271 182 916 577 230 465 962 85 941 232 620 14 977 770 827 161 627 647 559 508 887 838 207 674 209 686 125 94 785 519 17 819 309 967 156 642 149 601 521 995 962 404 770 138 51 720 65 647 359 224 489 233 604]
[ 53 986 31 402 806 372 430 544 187 562 335 320 311 64 176 722 533 772 221 954 731 222 727 532 596 611 439 146 600 933 549 618 267 394 219 672 51 939 793 413 681 188 172 995 755 19 429 766 836 144 731 728 280 437 825 475 510 860 82 855 990 448 637 56 457 57 118 898 546 732 515 468 370 769 824 753 435 941 181 828 980 189 758 174 192 501 187 887 862 383 146 313 416 534 533 612 931 696 298 633]
[ 59 752 466 127 647 64 99 92 373 420 512 138 807 375 15 719 63 261 311 742 627 578 958 583 359 108 693 453 701 137 573 114 130 331 536 415 455 583 379 764 924 870 453 191 693 184 593 773 686 841 44 868 470 531 337 684 600 835 624 550 863 67 182 302 85 813 755 331 663 256 319 216 932 53 910 789 797 133 884 377 422 456 836 713 456 356 211 646 893 885 741 429 502 556 97 431 774 400 72 617]
[ 88 876 756 15 610 646 644 844 972 684 431 887 487 524 738 395 457 281 274 158 302 920 734 430 663 725 510 134 268 360 602 754 901 399 153 70 922 188 256 635 690 685 553 689 631 921 833 847 470 363 580 221 263 355 924 533 817 878 222 775 435 780 869 321 597 242 925 307 496 811 45 423 401 374 302 716 73 276 751 840 276 463 640 270 981 761 191 821 384 981 106 695 770 792 426 906 184 62 118 253]
[ 92 173 715 432 576 287 738 53 281 766 590 672 720 593 698 602 701 516 607 990 372 628 192 29 220 464 792 775 222 918 342 586 208 740 25 156 524 151 317 625 903 339 90 165 326 483 827 856 511 405 700 719 259 453 796 121 322 924 711 764 589 662 858 487 805 929 761 12 636 249 946 870 947 436 326 348 988 156 860 420 270 697 481 265 859 588 190 613 901 239 978 521 295 846 579 209 641 74 981 784]
[ 108 126 408 35 637 712 470 169 977 803 192 512 85 177 250 497 724 646 835 705 59 147 48 790 83 808 669 119 931 229 771 692 756 644 961 819 393 832 634 621 382 487 54 878 179 647 708 678 348 549 755 28 397 671 814 370 112 145 652 598 314 644 695 375 994 548 762 358 533 13 900 957 432 778 222 79 904 970 726 382 894 808 402 653 423 813 683 537 742 352 536 258 813 316 103 878 855 445 713 771]
[ 108 695 94 160 428 630 960 642 927 606 550 844 379 644 851 888 155 416 605 739 790 367 699 335 294 719 702 822 741 207 614 97 964 509 250 826 549 238 327 706 725 926 428 358 142 452 417 861 429 114 837 978 972 310 24 737 718 859 758 493 341 822 432 297 888 906 229 626 591 395 197 969 508 423 699 818 101 877 913 727 514 943 260 666 94 862 40 653 430 101 280 554 966 786 674 150 442 160 912 348]
[ 111 929 77 406 618 613 807 591 316 245 904 366 309 973 558 581 484 647 824 846 671 878 420 903 664 841 395 745 762 117 933 406 443 582 197 668 773 414 989 627 628 341 712 441 765 427 79 426 247 79 562 826 45 928 938 465 517 605 906 340 993 228 367 35 80 439 906 80 452 269 814 608 174 778 852 554 842 170 88 786 237 856 120 762 68 265 145 801 280 329 764 553 415 288 174 675 801 394 820 188]
[ 116 625 881 485 16 327 929 290 70 616 659 769 870 983 410 412 29 420 844 621 133 557 849 493 755 648 694 488 555 154 150 450 724 75 396 915 48 373 874 559 353 20 603 962 501 542 640 686 803 239 359 198 230 661 134 330 134 979 675 359 448 265 771 856 308 266 689 36 728 195 401 294 219 167 451 395 912 961 893 533 455 385 79 244 667 772 588 58 935 375 761 845 546 40 205 76 393 223 651 946]
[ 134 877 858 476 443 107 469 910 83 685 519 759 396 436 898 58 721 525 671 117 78 696 916 47 756 836 182 589 139 737 765 250 606 108 364 20 851 354 990 73 43 124 805 235 594 613 883 199 518 665 282 510 215 399 365 369 353 265 277 219 962 425 204 150 262 995 59 960 113 996 792 744 762 538 998 888 88 759 592 433 381 381 853 558 802 584 146 503 768 931 567 655 862 549 82 164 564 537 274 13]
[ 143 245 21 422 490 226 26 917 139 246 416 800 371 335 161 980 417 340 595 966 45 517 633 854 675 345 413 505 491 438 444 788 852 658 366 383 314 404 497 664 428 158 858 258 358 948 175 540 147 934 418 257 661 26 609 962 704 419 864 321 878 120 470 93 244 319 745 172 851 755 325 869 656 407 470 998 14 974 84 79 405 378 738 914 683 73 987 825 280 570 772 251 666 351 195 188 699 709 911 682]
[ 145 538 88 165 40 834 110 14 164 807 14 504 414 582 206 242 528 15 907 741 615 189 625 536 133 773 717 59 563 987 19 167 252 873 539 403 534 589 917 428 701 373 840 584 461 208 877 349 13 995 708 361 752 12 35 313 348 425 168 113 859 312 194 763 831 716 84 345 662 992 440 853 942 174 560 30 878 313 435 884 940 403 644 392 600 698 408 956 653 791 70 495 313 954 366 493 222 208 368 919]
[ 148 15 251 949 636 680 657 410 616 585 985 262 629 871 426 404 375 626 846 412 644 451 478 368 348 580 58 832 380 956 646 988 778 651 59 941 25 288 282 362 474 368 171 778 276 760 395 180 678 961 344 625 420 942 532 721 86 101 537 383 745 571 954 700 794 231 777 977 233 718 209 989 540 83 332 903 264 620 878 848 944 709 835 572 10 878 188 245 585 853 561 301 59 108 189 43 806 911 657 151]
[ 160 45 934 801 851 233 418 311 145 724 548 797 217 160 400 289 122 646 562 942 662 694 424 992 675 530 912 780 311 307 824 155 135 562 873 518 657 712 818 807 462 668 714 801 719 278 787 974 123 219 243 805 387 627 986 762 838 530 260 345 717 952 493 605 865 411 777 211 631 635 29 301 177 932 658 49 631 782 510 319 983 460 883 691 12 480 65 291 420 224 370 969 781 466 238 94 22 570 602 878]
[ 177 494 634 711 566 322 408 788 124 665 757 149 547 771 757 893 347 751 962 711 203 566 384 751 445 584 809 301 58 664 742 965 511 324 485 780 771 781 224 589 91 64 758 684 428 904 719 692 506 692 60 899 256 838 638 552 939 772 107 671 77 958 205 435 439 224 682 454 606 230 852 34 818 192 265 660 442 921 378 500 934 437 600 224 499 285 685 601 59 592 650 886 729 390 562 577 105 751 550 191]
[ 184 315 217 293 510 250 787 302 373 137 480 220 903 295 173 159 744 855 644 744 634 62 256 487 250 658 716 189 39 413 590 636 285 95 126 702 24 524 854 719 23 821 317 839 531 680 545 620 429 352 837 416 696 192 558 117 830 27 721 82 698 501 372 850 42 418 770 158 579 659 324 289 77 484 876 643 288 123 312 517 694 826 660 918 502 189 503 742 257 268 587 689 934 863 920 877 259 625 884 405]
[ 184 122 879 800 457 768 735 467 264 188 71 842 544 732 85 34 679 260 805 646 286 305 720 56 172 647 813 795 478 783 93 439 45 497 54 229 128 190 261 484 68 536 171 344 442 784 403 802 678 753 146 853 79 946 454 669 372 70 252 17 18 726 245 841 189 10 958 884 60 453 764 922 829 88 426 378 972 566 982 487 344 22 560 589 95 892 626 119 606 743 655 40 689 764 33 251 714 950 784 214]
[ 185 116 575 148 50 58 783 424 482 567 221 200 747 744 91 24 301 23 301 521 43 918 253 288 238 782 60 31 739 676 166 926 867 18 976 403 294 747 217 373 693 215 382 742 274 432 853 515 897 112 509 47 959 850 842 194 573 951 455 501 771 592 94 908 392 526 277 518 268 450 158 563 899 928 841 386 627 952 432 436 333 941 939 552 980 182 398 307 27 963 443 137 608 891 445 985 138 667 345 10]
[ 187 890 350 101 921 592 786 498 987 852 246 326 125 703 535 332 63 843 631 575 562 666 951 647 691 949 33 705 128 774 59 423 716 23 14 823 794 742 855 340 124 236 614 974 906 888 943 769 525 817 625 792 140 306 844 252 632 857 835 279 963 748 715 904 322 602 957 43 174 900 246 361 259 740 570 946 855 973 586 608 21 399 620 809 216 424 295 75 804 531 580 847 369 816 671 145 960 381 761 938]
[ 190 197 72 202 861 809 414 953 41 666 193 770 259 231 205 672 574 360 402 448 85 243 897 429 169 240 474 579 565 558 445 208 528 812 741 47 420 969 712 904 633 451 45 651 290 467 921 105 717 381 904 757 229 680 294 633 151 68 563 984 229 761 361 112 405 322 564 991 157 76 182 708 771 775 589 855 482 164 249 754 891 693 543 388 801 870 49 884 840 183 907 650 742 547 183 438 47 499 137 279]
[ 190 687 37 82 848 828 476 153 784 787 259 34 305 39 137 595 36 318 100 424 969 746 852 631 883 341 576 699 246 907 914 746 763 940 235 930 958 397 507 581 454 385 304 893 155 936 215 396 622 613 831 795 350 334 354 997 308 688 319 14 242 214 692 312 434 506 767 242 767 347 472 573 77 94 789 750 490 744 284 716 674 396 376 976 435 691 39 692 875 734 740 827 833 258 858 691 520 514 814 339]
[ 194 614 792 769 739 224 104 739 223 76 338 402 804 990 657 115 966 266 626 365 159 912 117 153 376 87 371 349 641 931 518 46 558 759 301 17 475 566 420 823 276 95 908 430 836 18 995 446 379 696 205 745 61 16 579 284 662 723 27 885 610 435 534 269 906 986 19 76 964 891 597 676 67 756 101 784 836 649 583 751 967 611 374 325 953 612 984 524 387 711 780 805 116 220 236 827 336 667 200 730]
[ 197 999 56 734 423 222 41 783 500 844 779 174 436 616 132 340 485 353 737 734 345 38 86 37 619 534 326 974 325 470 251 397 884 482 455 23 438 413 662 728 595 196 303 685 930 547 894 654 900 995 743 352 718 112 722 451 868 739 139 951 384 148 760 517 923 313 725 566 560 262 584 376 68 971 502 466 171 726 334 651 737 455 22 623 136 903 332 340 773 600 767 348 436 484 226 100 264 49 981 56]
[ 206 564 942 88 607 554 798 575 825 704 692 347 910 465 867 433 22 394 774 884 294 625 48 990 462 101 635 645 491 761 821 335 926 993 660 435 947 557 305 642 183 679 379 990 799 599 557 18 271 940 662 25 538 640 857 895 504 699 904 147 336 902 414 612 645 566 605 998 384 893 495 522 254 401 156 713 417 866 800 596 19 755 278 727 756 40 135 23 146 15 633 799 550 673 162 824 172 689 869 295]
[ 231 802 881 692 549 934 196 78 833 787 960 580 109 397 411 332 41 155 388 300 852 933 259 881 594 437 668 327 103 525 758 707 62 921 181 823 444 487 184 822 612 521 555 200 15 695 684 509 754 910 34 821 882 690 59 844 685 199 656 779 993 603 172 645 55 723 722 945 858 437 204 421 779 248 476 713 628 455 425 106 249 757 320 339 291 104 225 332 223 445 896 782 859 689 267 198 600 436 476 365]
[ 234 637 571 627 272 703 975 496 953 259 477 728 404 614 884 196 432 271 471 366 921 22 123 675 788 583 535 531 915 980 442 946 995 414 459 599 255 493 319 915 78 963 25 425 868 906 112 611 188 689 756 465 428 159 568 272 333 235 225 857 91 226 641 751 870 751 919 483 195 289 270 458 315 658 349 768 642 491 673 388 887 16 494 445 307 453 294 779 23 790 243 973 600 536 887 16 887 403 352 597]
[ 261 241 40 331 173 697 797 932 497 788 213 570 733 452 576 472 834 905 245 557 977 939 487 159 487 417 984 513 561 754 611 403 171 60 37 492 556 992 125 895 958 910 350 977 222 667 400 280 695 997 816 72 224 254 938 858 929 103 414 585 427 771 786 581 300 321 398 762 865 780 258 669 433 726 628 733 675 164 971 977 850 804 769 594 321 852 872 274 147 885 981 184 566 224 935 968 423 743 725 383]
[ 278 493 609 756 500 814 248 803 255 581 400 430 773 345 811 547 918 443 276 438 952 462 96 501 216 778 394 798 492 302 260 400 172 788 222 909 155 998 716 675 902 323 297 135 848 474 587 972 270 355 487 391 878 739 424 195 304 763 648 263 676 541 117 957 711 94 506 219 337 54 45 364 66 22 895 707 172 783 689 260 541 408 861 431 604 203 791 573 709 314 580 398 148 254 667 400 370 500 862 820]
[ 279 935 796 25 756 221 122 622 343 506 204 351 393 96 324 649 456 764 966 376 724 956 295 685 402 163 423 78 324 345 249 463 68 290 985 57 74 314 909 364 263 85 646 20 451 171 62 360 692 760 329 982 167 176 319 35 818 433 78 968 842 503 651 366 611 656 14 786 208 344 572 399 979 564 184 780 386 205 480 300 71 341 312 17 399 234 710 468 354 544 281 440 634 764 265 545 432 426 250 588]
[ 287 741 194 763 580 928 302 274 389 747 276 403 689 317 831 638 625 17 109 170 760 189 58 164 656 758 712 516 273 135 887 235 796 995 43 153 793 362 247 643 31 308 502 60 403 486 647 642 16 725 405 55 983 590 939 544 308 386 439 130 158 224 563 484 902 825 272 628 456 800 917 384 107 790 510 33 86 348 897 127 782 42 442 515 171 455 375 795 792 240 932 266 355 481 607 54 413 11 679 264]
[ 290 895 718 843 859 860 514 189 473 236 112 649 93 888 157 858 357 846 544 908 903 549 520 608 89 452 313 782 656 350 13 780 716 60 517 616 757 926 247 464 183 981 243 501 19 938 605 890 170 744 838 143 472 291 336 537 298 977 156 580 972 155 853 320 679 79 554 727 244 460 596 612 798 406 594 654 188 818 37 939 789 949 863 147 725 916 985 79 297 675 132 29 705 253 856 452 863 116 667 250]
[ 305 319 144 449 333 135 432 56 939 651 43 446 205 922 365 357 564 880 186 162 38 55 184 458 76 998 863 598 399 681 181 442 736 523 913 528 172 594 846 602 913 93 186 82 325 538 478 398 851 219 346 240 895 520 956 189 926 281 133 112 194 859 905 27 657 486 364 685 648 778 431 65 303 581 796 516 826 838 79 872 556 521 248 249 911 666 433 486 187 646 490 661 736 788 613 352 125 620 417 339]
[ 309 550 709 417 108 840 567 435 883 813 327 496 23 220 814 582 544 403 199 669 480 810 743 286 20 666 183 762 609 193 452 292 858 530 468 423 376 104 723 248 459 334 779 801 627 288 423 997 545 950 146 663 65 801 305 681 323 933 131 511 620 298 33 473 272 65 157 625 608 376 882 997 582 143 234 634 803 353 667 835 827 528 237 219 992 842 136 125 535 677 236 841 276 607 343 840 531 699 698 573]
[ 312 626 540 282 153 647 608 900 557 817 205 373 96 816 897 798 975 757 242 377 723 861 125 182 64 748 927 144 843 326 441 677 900 42 648 789 308 491 885 902 275 700 113 224 92 591 880 966 614 613 548 622 420 834 546 920 519 969 480 324 991 590 920 725 313 418 734 614 688 845 591 930 943 130 974 132 90 705 249 954 928 326 919 144 639 307 86 937 494 159 294 565 303 633 404 484 719 578 676 200]
[ 318 495 204 244 466 910 23 797 722 571 36 618 182 223 905 281 74 879 73 277 56 177 183 862 891 140 441 770 141 257 751 473 281 34 64 506 442 393 257 287 275 903 476 249 512 27 702 797 999 888 381 846 502 271 699 759 15 96 351 511 208 463 966 897 681 557 293 625 994 810 908 705 106 822 739 450 201 711 873 842 289 243 410 279 342 254 760 370 622 402 27 406 759 860 907 605 330 687 878 466]
[ 337 835 230 116 741 990 184 572 256 705 254 760 470 161 441 54 18 811 987 117 769 36 850 932 67 563 454 286 374 693 934 593 704 595 666 570 93 218 551 281 502 539 54 980 437 886 647 840 162 976 531 807 488 815 563 486 524 115 432 168 129 884 955 237 682 300 29 375 266 178 362 456 955 461 190 277 528 15 556 461 973 356 11 820 162 807 573 713 83 252 692 345 991 549 922 605 729 996 867 366]
[ 341 13 76 908 255 806 602 966 407 282 117 805 56 343 104 997 750 410 600 182 27 452 344 220 17 561 427 778 536 943 194 733 903 550 325 64 275 297 337 596 110 662 214 63 795 477 286 263 922 872 845 168 375 894 291 859 483 360 707 612 126 395 90 434 970 758 504 49 844 525 257 958 250 243 833 885 194 763 85 888 101 748 73 724 49 676 487 297 543 842 982 803 160 717 635 157 205 349 921 987]
[ 349 506 67 723 494 993 738 28 296 862 298 884 17 919 971 255 639 14 594 311 412 825 337 679 835 958 579 475 373 249 986 492 204 993 257 393 489 169 300 952 327 722 79 813 769 588 701 915 416 941 462 40 542 564 101 995 942 466 472 554 448 115 876 686 858 912 828 753 701 37 829 621 510 51 93 205 388 223 281 852 845 532 466 321 443 700 668 30 469 792 993 63 970 813 207 393 634 79 785 42]
[ 350 603 530 301 722 54 344 927 279 210 495 580 374 349 795 557 406 874 837 158 577 290 45 234 19 495 920 436 821 112 57 466 936 624 414 904 703 538 974 948 57 682 77 288 439 43 155 362 223 877 505 204 468 808 203 329 421 445 623 822 827 56 235 817 871 902 74 156 989 402 458 974 126 988 129 954 903 453 322 182 934 773 603 950 801 753 679 322 958 999 428 538 544 394 880 885 871 232 682 455]
[ 368 787 463 85 861 116 151 292 222 274 169 199 739 604 485 911 607 906 532 253 191 547 156 335 32 549 646 549 164 347 796 638 189 932 607 286 907 572 457 149 576 817 806 495 271 342 35 873 740 672 988 587 795 751 439 194 968 16 562 568 489 755 151 541 270 498 426 245 323 999 389 34 495 289 355 677 674 16 838 206 333 955 449 867 622 132 850 834 233 341 753 28 714 112 922 365 266 372 686 706]
[ 373 252 71 460 710 185 747 440 189 357 497 85 595 345 624 358 221 587 570 666 492 902 349 247 459 493 606 912 168 381 272 507 205 857 191 639 297 683 497 99 368 513 266 223 541 180 520 337 947 532 774 50 521 707 690 504 789 236 565 832 523 144 929 967 71 529 962 196 674 787 459 62 392 881 670 878 694 362 981 539 945 120 559 164 825 427 218 746 942 367 411 734 474 168 677 508 740 558 222 868]
[ 374 464 45 973 250 99 984 852 37 544 825 149 573 528 331 660 110 325 860 516 256 928 485 282 719 494 234 445 731 329 632 87 971 627 846 548 654 973 666 435 814 293 653 873 635 607 823 160 33 516 379 86 38 603 337 384 309 375 619 64 961 106 653 637 284 914 810 130 697 723 470 990 219 599 573 264 989 196 798 392 945 506 839 28 514 459 168 833 909 481 758 782 728 157 989 499 190 421 664 429]
[ 386 622 498 433 986 840 825 741 616 175 163 531 378 687 797 61 478 720 727 187 273 916 95 402 93 60 835 401 85 900 892 391 208 571 677 483 34 556 469 941 901 128 418 623 48 498 322 928 356 426 29 377 516 357 315 798 362 973 582 950 229 912 796 190 589 403 388 584 870 487 260 779 474 869 560 664 216 866 833 784 195 493 402 232 510 877 348 723 40 527 949 365 816 214 223 516 522 643 614 100]
[ 386 961 838 883 306 52 196 167 559 142 967 235 794 129 259 75 995 167 964 106 291 807 586 90 874 807 963 28 325 761 321 630 255 539 358 404 382 42 327 962 236 110 954 94 976 682 886 158 449 131 492 107 266 500 943 815 611 543 869 194 448 156 727 731 605 98 406 746 97 863 846 527 226 227 32 861 616 748 807 858 38 519 777 190 354 725 257 180 969 984 961 709 215 457 79 893 315 516 585 287]
[ 388 797 852 277 695 890 598 174 995 709 479 108 326 449 914 53 462 544 443 477 94 747 548 659 733 948 807 407 400 466 997 258 935 74 608 835 14 932 638 999 793 356 813 140 687 870 558 245 696 648 29 657 777 924 38 449 426 343 852 447 938 857 734 805 328 797 717 171 598 666 122 627 245 568 513 515 342 152 400 66 180 216 833 671 65 583 710 365 877 38 567 91 580 136 542 347 872 918 99 768]
[ 393 475 596 654 194 171 778 875 228 798 865 392 894 213 399 459 846 149 997 678 355 41 825 802 556 694 424 587 582 962 494 792 966 155 68 882 593 371 433 594 721 766 120 638 577 303 975 822 231 45 978 505 204 844 306 92 653 640 105 560 337 226 345 549 94 129 236 650 225 901 306 405 73 647 755 835 532 98 154 719 522 712 224 41 408 947 468 453 749 695 338 184 386 746 986 162 253 103 832 582]
[ 406 301 935 67 876 458 756 518 437 565 54 562 71 936 31 17 325 97 710 182 467 862 586 515 680 164 479 237 544 353 522 228 734 332 369 216 517 87 299 147 609 397 92 241 788 964 899 982 374 767 449 297 740 852 213 554 802 711 810 615 528 521 923 711 918 658 236 957 974 553 164 268 73 256 64 607 881 424 135 95 106 467 118 515 330 986 792 248 998 695 516 962 608 364 865 96 821 375 181 856]
[ 450 785 505 820 716 885 726 135 156 327 497 257 912 267 299 26 992 738 684 488 261 840 796 893 678 116 406 919 764 35 252 847 852 997 862 57 578 315 379 194 148 829 423 339 519 552 252 980 243 337 668 133 651 529 705 268 548 902 210 174 544 671 667 177 802 569 247 352 169 570 406 20 213 437 978 976 632 553 568 654 417 711 218 32 906 915 251 617 285 998 467 266 42 398 520 931 146 93 774 168]
[ 465 692 753 432 18 487 129 961 213 350 514 141 636 271 539 640 117 451 48 573 343 707 561 351 757 363 466 403 199 698 941 432 880 607 773 598 468 365 850 180 546 933 238 214 881 977 41 821 454 972 650 688 673 121 719 152 121 936 868 814 579 978 442 731 48 483 720 524 887 301 526 406 680 101 221 176 819 251 492 317 355 649 674 293 879 807 493 960 857 768 969 961 980 499 576 480 756 401 874 607]
[ 535 578 345 548 620 39 36 591 127 688 234 433 546 194 381 702 245 258 129 592 428 488 25 589 247 810 311 908 661 556 877 235 43 511 166 86 754 959 133 943 575 795 619 607 287 533 169 588 262 220 865 621 408 334 834 622 863 588 12 757 412 878 206 441 360 801 480 610 156 414 102 782 813 634 682 385 893 234 786 522 992 542 216 262 779 143 546 802 435 25 912 54 365 183 449 725 478 377 886 39]
[ 536 992 302 439 492 36 352 400 754 626 95 899 541 884 172 867 944 469 813 205 738 788 811 27 857 714 927 111 165 515 90 180 572 188 232 824 989 946 604 451 289 229 838 533 716 593 574 568 256 486 195 760 26 343 525 556 388 705 120 900 456 134 131 852 183 119 417 309 195 520 968 85 946 820 121 852 898 164 819 171 427 416 822 338 55 888 374 74 72 596 418 660 317 428 319 958 718 475 712 779]
[ 543 938 608 109 947 56 301 729 332 856 473 73 712 728 616 726 643 565 638 142 917 764 766 668 221 125 642 876 651 260 311 786 335 143 58 966 906 71 971 450 957 655 226 41 168 216 543 873 631 887 165 625 430 637 722 442 440 666 16 273 669 267 709 970 844 230 630 700 184 497 935 480 962 882 734 733 513 325 568 72 780 309 52 798 116 268 900 929 734 928 605 627 565 942 425 762 296 817 41 832]
[ 544 409 356 895 260 624 690 584 325 583 137 896 121 516 428 749 676 108 802 544 808 436 353 625 840 54 875 336 187 212 259 459 816 251 324 809 871 292 954 419 136 673 220 240 920 126 131 63 941 620 858 292 104 370 74 767 609 376 849 554 138 926 302 164 729 102 30 38 941 136 736 75 414 536 253 180 356 649 804 862 463 899 906 36 613 111 380 626 339 539 823 429 86 726 619 461 828 726 724 197]
[ 558 753 896 599 201 644 957 147 451 915 602 376 922 314 716 585 802 575 539 415 939 579 534 834 898 443 712 793 521 882 825 493 194 397 649 309 119 102 770 869 819 893 722 715 683 848 714 970 379 567 938 47 588 134 195 726 280 68 421 220 284 995 686 143 754 691 236 390 810 947 523 633 506 167 847 890 881 813 908 13 896 163 390 734 790 332 915 854 963 534 714 892 878 607 394 95 193 733 971 903]
[ 559 319 429 499 135 442 228 201 997 938 122 13 255 462 715 578 255 207 796 297 488 981 957 916 775 819 645 284 431 401 939 752 608 97 479 366 894 403 77 587 866 355 900 542 522 608 793 708 352 922 759 669 399 189 132 361 221 586 688 582 544 895 648 961 844 364 259 213 123 881 981 624 130 230 533 123 197 542 404 278 964 691 739 27 193 776 459 749 712 203 699 22 554 657 788 272 205 804 771 945]
[ 561 254 923 647 483 420 475 877 920 674 834 68 200 521 817 723 47 947 910 151 599 515 332 671 291 595 51 73 498 948 629 195 299 929 40 392 806 275 307 302 289 329 529 775 691 741 21 648 982 179 117 282 931 870 340 944 765 820 225 653 966 513 961 36 439 340 396 546 650 651 752 900 738 845 670 168 718 740 878 956 392 783 299 822 630 411 281 255 85 833 752 306 784 696 398 691 14 413 243 442]
[ 569 245 102 612 104 21 844 364 562 959 478 678 68 844 510 572 759 675 702 474 173 586 50 486 418 702 357 738 466 913 356 84 566 27 36 801 326 516 942 753 518 308 666 847 124 308 763 188 199 728 688 82 778 389 71 949 854 906 54 99 43 520 107 256 973 729 563 987 678 370 423 167 880 467 588 514 103 779 382 156 50 714 861 438 74 914 171 148 425 654 868 968 774 591 762 461 257 513 303 917]
[ 576 943 648 411 967 968 393 628 833 995 429 309 242 92 35 996 867 880 558 331 162 109 368 515 209 630 22 824 797 67 854 85 909 131 687 989 942 81 381 501 512 395 176 56 817 453 104 143 328 131 85 981 375 721 128 605 546 781 507 330 328 477 303 315 636 483 508 471 630 650 898 682 216 559 619 582 172 24 117 582 275 631 651 170 442 224 987 660 14 518 63 89 757 117 727 98 638 346 251 841]
[ 583 764 895 388 826 678 562 202 243 953 621 705 434 854 924 297 90 732 818 19 807 820 801 879 41 565 594 16 996 10 501 557 192 460 573 637 169 573 669 797 449 353 924 101 13 516 810 627 402 577 584 333 252 563 846 604 942 326 406 392 438 696 454 631 395 482 376 279 34 470 969 386 150 472 203 705 548 543 909 307 167 666 978 428 21 181 956 27 691 564 771 142 266 135 192 639 424 726 474 645]
[ 584 246 57 905 780 463 961 537 639 293 639 700 265 390 215 813 163 420 738 581 501 122 340 632 768 792 472 272 329 207 418 65 807 678 631 108 161 707 874 589 520 51 697 558 332 592 818 851 481 174 730 464 162 203 132 824 890 180 103 860 985 322 977 412 344 445 98 203 584 707 135 711 788 312 807 782 268 995 21 251 406 150 981 344 885 512 249 292 985 77 920 173 16 279 733 670 888 20 813 23]
[ 595 581 114 538 349 360 740 21 264 355 736 126 487 527 771 468 121 139 552 81 15 882 736 186 92 183 336 68 868 662 50 492 716 946 162 835 885 480 706 370 823 432 496 213 406 611 23 160 165 146 791 676 343 427 262 744 186 609 798 336 393 980 516 191 328 418 525 349 25 421 133 252 607 484 511 578 165 181 338 48 445 129 949 756 631 372 161 843 774 726 629 70 838 315 451 811 608 997 394 926]
[ 604 833 961 560 710 459 599 126 420 358 943 185 738 686 674 216 478 529 948 467 28 354 89 20 950 349 551 156 162 605 373 213 809 781 938 93 546 174 179 267 932 981 352 666 118 743 928 339 192 218 562 577 453 267 337 795 962 757 939 553 303 594 278 761 387 396 137 884 478 120 358 202 852 272 370 139 194 669 867 663 518 316 77 356 500 757 766 824 483 250 226 850 481 633 90 510 975 293 908 227]
[ 611 512 97 305 921 64 41 622 650 804 356 902 576 415 848 305 835 177 973 962 70 836 34 718 27 32 476 469 324 347 153 666 463 688 645 736 782 428 339 398 796 868 62 967 811 375 226 49 260 906 270 822 96 565 130 686 774 386 985 570 449 436 258 564 897 144 42 949 464 827 907 805 656 313 224 522 756 147 839 122 187 470 834 493 336 722 357 541 607 442 434 448 937 41 332 312 372 53 398 868]
[ 631 81 136 689 697 287 360 612 732 35 145 998 79 248 982 409 216 470 667 27 477 820 126 333 286 475 322 494 318 73 619 612 695 94 156 210 603 897 914 321 731 498 769 862 591 433 446 425 234 656 34 265 173 909 790 572 532 904 556 266 361 256 831 557 90 211 30 639 294 857 573 326 620 632 993 994 400 241 877 75 193 403 407 123 804 126 100 355 915 158 524 48 863 919 693 571 490 994 266 373]
[ 665 419 200 15 41 584 217 463 937 963 613 308 695 555 356 90 262 417 175 375 786 760 701 914 328 684 160 601 703 229 109 968 641 810 364 221 13 211 335 724 638 598 35 884 926 272 159 772 204 720 869 25 500 110 500 934 280 690 608 442 257 316 753 11 774 568 55 804 35 134 309 236 111 832 61 280 901 890 688 871 716 336 362 55 930 115 57 826 398 309 949 979 33 279 417 343 268 918 297 786]
[ 668 505 628 898 942 570 284 583 541 422 637 719 383 182 802 462 333 265 307 885 785 388 37 439 98 34 178 740 275 237 867 793 484 754 973 481 33 462 738 24 857 865 20 747 788 431 499 560 373 501 474 723 813 90 773 537 224 102 672 545 980 424 751 375 294 392 268 572 679 701 891 33 219 583 181 449 428 317 202 334 270 312 512 768 649 35 226 573 97 830 864 958 875 782 573 764 41 940 177 702]
[ 671 275 870 709 906 45 298 363 793 23 71 589 781 829 933 874 665 172 92 719 694 621 695 990 782 538 627 457 625 296 820 932 793 206 146 407 59 749 15 410 153 878 518 754 315 145 649 677 389 168 229 207 753 71 857 15 746 611 382 521 258 421 991 679 325 628 873 109 938 339 487 620 258 344 175 87 396 537 404 781 722 824 485 441 742 967 233 126 450 120 907 625 638 907 107 23 134 47 725 475]
[ 696 863 914 184 842 507 986 823 209 652 311 569 695 799 821 439 610 639 562 745 659 292 336 371 738 647 496 885 952 328 583 24 314 425 947 472 336 438 911 682 746 810 498 71 668 885 104 940 581 570 984 128 238 792 298 652 494 726 587 846 459 356 685 276 899 456 472 705 564 795 303 332 635 156 575 352 697 844 352 700 978 603 381 825 329 576 409 892 357 374 551 371 23 753 900 181 497 235 338 761]
[ 701 351 11 430 954 242 224 267 568 803 310 335 130 332 548 468 62 111 691 900 624 106 830 147 795 768 225 127 348 156 442 804 587 363 253 383 438 476 522 951 829 141 411 396 566 467 359 464 875 37 491 85 403 24 453 210 327 948 691 152 879 806 212 935 623 672 586 680 854 461 946 173 908 604 112 530 494 620 856 769 959 516 788 124 344 299 795 909 892 48 714 756 878 341 146 907 191 99 409 284]
[ 713 473 364 920 742 953 806 275 571 184 464 814 78 156 435 158 203 159 162 943 691 524 694 92 175 671 718 923 797 518 651 313 851 405 56 947 862 830 80 622 376 827 449 903 736 502 158 296 216 879 548 545 494 47 153 904 366 352 138 943 140 991 82 503 212 187 918 466 600 283 333 887 894 915 987 849 139 222 124 124 836 839 16 655 288 289 801 635 51 192 197 855 913 424 683 893 341 955 318 543]
[ 720 361 636 419 134 780 312 768 212 707 625 678 899 341 627 856 86 641 248 34 793 308 413 764 481 293 431 219 846 647 344 102 499 73 281 924 914 346 256 854 678 694 845 913 594 517 219 642 53 820 106 637 129 115 472 521 635 435 283 142 780 655 898 101 118 75 609 964 52 458 948 479 195 829 837 764 813 460 705 481 804 724 545 836 36 157 185 118 188 91 49 925 827 279 920 994 942 799 329 91]
[ 722 915 463 599 215 895 990 378 461 630 637 397 975 993 803 795 402 333 193 75 629 122 784 719 542 15 736 988 561 931 13 385 857 103 881 961 860 154 567 166 51 457 796 733 84 634 794 539 254 568 644 554 344 966 636 692 628 230 768 494 820 963 798 267 24 954 836 155 391 225 621 824 74 36 227 731 11 293 919 200 469 86 886 287 475 508 112 448 630 963 382 778 932 400 394 567 709 769 741 25]
[ 726 289 219 758 649 711 161 408 443 683 129 651 383 414 277 700 869 668 86 226 328 850 636 121 831 388 681 974 566 932 112 385 179 642 785 44 813 432 451 101 272 470 239 538 188 887 597 807 118 530 513 925 666 98 387 630 870 412 626 918 583 121 330 913 872 85 863 401 360 741 575 837 931 714 903 207 703 961 483 507 277 85 169 41 173 912 852 717 682 103 817 352 806 695 101 364 988 107 678 61]
[ 728 750 608 388 279 809 169 478 780 589 753 360 967 455 537 547 449 139 48 222 261 727 975 178 673 230 695 831 895 102 273 385 939 480 845 691 931 984 561 932 850 793 899 162 246 760 223 59 434 250 365 981 998 971 144 534 785 492 327 368 541 499 262 762 355 387 99 718 657 909 301 513 830 218 714 630 849 11 963 404 398 648 466 419 33 253 913 597 38 898 978 302 587 728 444 133 642 108 260 457]
[ 753 914 758 123 872 865 373 56 688 921 889 412 617 746 970 365 769 831 390 699 84 131 946 118 201 600 771 744 570 341 985 363 557 105 562 69 713 112 809 882 236 417 862 870 254 84 682 434 275 937 443 453 823 131 888 507 824 492 917 490 32 799 825 599 664 491 476 147 209 11 452 631 910 625 761 436 561 897 803 284 524 863 910 360 478 908 857 643 350 393 880 515 695 883 441 559 866 811 427 496]
[ 760 257 650 157 890 574 923 722 139 664 476 893 88 329 737 41 89 552 869 158 103 139 400 708 862 514 86 340 119 691 800 875 893 512 513 210 229 399 195 641 243 585 885 402 972 175 813 89 980 178 945 181 379 901 233 446 877 273 474 209 474 102 393 650 999 300 545 596 892 249 714 534 184 337 620 373 608 226 272 845 367 139 764 307 971 675 488 728 568 559 377 736 807 620 331 459 267 846 142 304]
[ 768 503 389 354 911 642 708 247 129 75 397 940 668 357 688 608 905 24 98 96 66 818 248 467 966 143 623 378 340 209 875 510 814 572 198 149 369 165 523 353 764 571 865 842 790 978 907 393 400 955 692 988 631 838 480 283 215 971 857 751 164 573 406 740 678 684 364 621 456 851 133 974 446 907 682 165 399 973 590 564 687 452 920 508 477 754 441 462 171 828 449 462 90 198 596 385 324 340 337 267]
[ 768 503 419 599 805 910 487 834 645 484 167 70 418 704 22 988 502 546 418 786 771 177 433 202 180 591 708 91 140 782 585 515 162 490 68 328 921 791 444 492 148 194 767 924 582 678 777 711 697 703 712 717 910 582 565 410 52 671 757 582 410 152 671 441 204 333 406 324 763 102 618 68 483 68 362 954 215 775 976 673 937 317 458 655 508 819 480 890 129 928 39 572 523 476 155 915 822 759 888 137]
[ 772 668 929 587 709 521 669 588 199 805 535 385 659 949 423 49 910 279 266 231 587 800 280 701 948 317 839 357 351 355 548 80 266 683 690 395 328 583 923 655 701 585 373 230 989 563 199 121 965 91 685 607 923 697 185 229 144 562 852 992 615 736 760 919 461 119 676 766 658 397 86 459 652 297 842 874 404 504 893 871 29 676 212 578 443 902 103 43 963 577 214 295 604 43 379 975 271 873 943 262]
[ 783 944 159 761 578 319 934 225 721 176 100 473 234 922 372 581 601 376 572 638 736 700 182 362 896 616 133 22 160 911 355 365 653 686 875 857 705 160 307 136 174 824 528 716 118 932 780 513 138 452 686 21 305 415 431 734 808 392 681 518 906 761 733 419 680 19 364 197 300 544 489 497 968 659 998 57 234 124 240 991 270 877 143 355 42 984 252 367 101 282 40 769 701 636 402 413 748 900 66 685]
[ 785 269 623 623 882 825 708 220 63 292 205 417 152 949 487 477 180 807 99 201 178 324 793 443 744 637 660 116 441 701 356 259 318 983 98 394 127 102 611 750 138 656 111 258 554 263 85 702 118 421 524 224 132 462 114 438 733 677 343 883 119 855 53 22 891 495 77 80 176 485 952 910 388 227 336 181 756 921 77 342 652 770 630 855 315 895 196 742 773 490 894 594 925 275 583 845 287 629 930 442]
[ 785 637 897 773 576 35 778 83 519 902 114 409 132 789 332 961 564 660 873 413 830 231 927 710 954 17 672 144 605 666 90 855 820 264 576 282 902 49 122 761 745 409 628 221 62 762 778 309 670 718 663 24 958 122 426 367 337 233 583 810 815 922 453 883 650 224 446 418 808 123 31 655 278 327 494 579 74 284 460 715 523 300 475 273 481 322 610 545 410 949 13 958 587 640 176 42 776 56 105 613]
[ 794 793 404 842 73 582 364 323 351 830 698 993 880 555 56 474 612 830 144 567 573 746 96 460 404 231 62 259 770 179 920 805 653 188 460 61 711 322 174 58 851 167 238 680 655 561 212 557 308 848 945 266 435 484 765 130 751 579 975 274 887 328 893 179 773 67 347 152 306 219 589 509 269 168 285 795 682 267 336 351 635 457 503 247 830 507 149 374 595 739 941 45 616 419 615 617 503 430 856 770]
[ 809 497 964 716 985 782 19 677 829 509 12 845 634 503 312 860 698 574 909 119 195 711 728 940 800 877 266 453 861 146 629 173 864 254 841 262 691 724 482 574 827 923 914 300 152 557 86 185 156 836 317 989 645 344 522 128 114 539 258 664 287 860 159 944 18 184 320 454 781 687 762 686 250 611 271 570 263 895 389 50 624 476 299 476 626 964 168 795 220 675 418 179 125 278 392 774 622 183 198 443]
[ 818 501 30 315 290 816 36 890 400 404 612 13 329 27 542 560 740 184 346 907 744 523 223 585 194 465 399 78 685 303 380 719 667 950 579 842 844 582 404 509 833 589 620 645 998 620 412 90 73 751 174 108 188 444 701 821 130 167 217 517 842 848 750 945 287 350 907 678 511 145 473 269 566 53 91 86 469 484 115 803 617 298 157 733 385 890 760 22 196 488 250 878 342 549 69 230 837 848 43 506]
[ 831 829 921 300 907 18 251 770 486 428 786 866 629 107 163 294 137 932 134 107 134 814 972 225 389 178 850 890 536 572 672 480 425 871 938 288 12 564 259 432 692 987 376 500 249 471 835 170 911 166 66 952 375 975 677 21 249 435 244 352 987 714 555 236 786 359 406 777 868 63 219 594 221 556 321 788 212 427 725 896 756 946 468 331 398 613 768 904 552 609 549 894 544 29 666 431 440 708 328 286]
[ 838 740 552 794 777 583 283 270 322 613 917 60 687 53 737 427 396 488 523 206 881 677 435 474 827 537 138 943 483 889 841 42 282 464 115 414 177 970 233 857 918 730 779 436 278 40 338 714 310 500 821 423 47 832 90 181 714 60 409 561 488 15 83 455 800 232 377 691 312 477 314 707 948 406 747 215 149 779 652 742 23 433 409 926 862 241 376 862 585 754 628 26 867 297 183 301 232 883 421 399]
[ 850 872 77 512 725 362 666 674 406 563 408 234 146 182 963 340 97 347 654 240 842 323 486 561 720 180 696 58 530 238 46 353 671 240 973 670 58 263 71 901 428 871 588 83 858 116 256 949 125 428 952 211 682 512 469 705 420 983 374 140 417 626 200 912 741 75 380 375 948 484 588 572 674 244 417 128 690 15 962 318 527 964 711 294 865 435 545 62 382 629 73 838 525 316 739 233 44 40 254 200]
[ 864 618 169 279 200 146 522 138 10 922 898 51 206 602 529 720 196 254 672 875 763 270 559 686 217 211 580 538 283 789 567 682 749 973 50 180 378 630 61 397 687 967 341 259 409 12 397 487 401 565 993 608 919 325 534 396 958 468 981 296 774 516 431 909 927 602 763 306 650 61 959 741 127 83 69 772 459 506 108 111 353 505 509 742 661 530 896 156 397 847 516 291 945 672 319 592 993 515 783 934]
[ 902 236 578 943 796 198 237 246 624 212 142 501 695 841 353 394 881 380 912 575 998 640 628 317 725 689 538 840 632 884 106 140 348 630 336 944 787 678 429 556 772 33 721 959 864 935 971 898 541 903 119 286 692 221 406 646 892 586 596 976 548 120 498 656 494 575 107 938 726 423 678 167 351 279 536 894 226 37 845 556 457 817 410 536 955 602 676 283 440 142 525 589 241 962 35 562 299 743 160 181]
[ 918 550 947 139 80 288 707 170 750 648 907 729 548 969 762 45 664 18 17 68 395 212 140 140 774 76 775 540 982 414 89 578 291 746 508 339 752 320 817 50 246 487 330 995 785 745 680 862 711 195 103 160 222 147 583 971 210 575 253 877 354 237 983 659 928 517 198 367 310 612 124 556 663 615 325 499 550 538 724 71 255 43 856 618 626 612 958 798 961 149 266 86 307 377 332 470 692 895 954 10]
[ 925 329 725 253 478 815 361 732 219 431 363 371 488 587 779 293 928 616 558 144 545 617 106 451 532 850 265 158 533 156 607 642 464 438 126 194 975 342 609 443 216 917 447 119 607 957 785 570 19 169 299 18 896 101 281 309 403 479 291 13 106 555 125 162 634 733 612 271 943 101 571 39 634 769 308 966 800 446 919 554 687 758 677 461 375 962 13 180 138 695 983 735 269 390 110 564 41 322 113 319]
[ 940 199 755 427 288 78 699 88 55 742 586 679 430 115 478 557 43 656 481 480 820 737 704 861 960 885 535 328 266 424 768 748 532 290 37 759 538 337 447 465 825 576 415 467 974 49 724 413 907 661 29 297 437 142 324 149 794 746 334 110 988 578 612 222 188 520 432 561 328 284 472 533 416 167 815 882 695 842 469 376 257 804 861 19 680 382 79 572 857 14 42 666 636 536 370 923 353 682 588 234]
[ 954 734 193 688 717 349 366 789 579 763 586 46 998 98 868 845 316 384 349 155 604 672 993 926 476 106 739 577 529 946 844 258 789 219 190 793 430 15 552 191 783 407 404 59 254 655 198 493 588 349 652 213 115 534 651 664 828 185 739 598 691 697 930 641 795 998 166 233 491 251 510 865 548 120 779 687 851 342 893 652 116 481 513 924 285 211 453 249 428 340 182 602 570 265 303 582 809 324 282 695]
[ 962 610 759 850 67 544 881 532 420 808 765 938 954 956 397 262 331 285 307 372 322 995 252 425 936 682 545 543 998 152 12 529 731 397 246 396 205 263 492 767 962 637 402 77 551 787 22 157 101 328 12 924 271 866 926 303 271 417 615 995 178 564 491 813 905 406 548 272 689 54 295 502 150 39 801 462 365 315 912 957 523 219 728 706 362 27 326 527 560 90 773 602 148 560 251 278 259 845 960 827]
[ 971 829 59 371 100 168 796 200 350 80 790 421 64 214 88 39 169 580 968 113 310 424 436 840 570 289 488 92 396 77 201 240 816 463 819 540 288 932 433 121 440 541 950 594 952 102 576 407 601 533 778 287 926 636 723 654 363 390 536 562 579 916 54 341 723 73 540 969 280 536 533 890 133 20 21 52 752 527 915 157 847 266 721 149 361 246 521 996 537 447 965 389 219 32 860 304 356 190 243 204]
[ 973 948 352 783 634 331 205 22 425 187 510 479 378 843 288 483 726 558 639 58 137 22 174 137 505 539 746 43 207 575 948 133 798 140 509 838 324 341 460 584 477 432 543 209 696 124 661 709 272 213 425 303 875 327 464 24 39 218 329 983 599 164 945 718 919 772 750 607 321 583 905 206 556 839 906 782 883 586 177 851 452 238 116 959 919 654 658 670 292 300 171 569 964 471 284 821 721 392 377 153]
[ 995 12 287 462 107 472 13 146 535 30 482 603 819 910 977 348 945 352 105 703 854 812 911 974 942 361 881 534 917 721 834 957 480 819 949 495 755 663 202 165 375 593 738 986 238 748 165 275 722 139 319 835 106 927 416 478 178 34 600 842 576 717 89 647 129 747 265 750 556 912 979 102 455 287 211 935 217 367 761 432 328 882 520 818 408 477 474 831 86 825 318 499 48 715 409 70 202 482 577 335]
